cutoff,unique_id,ds,PatchTST-median,PatchTST-lo-95,PatchTST-lo-80,PatchTST-hi-80,PatchTST-hi-95,y,signal,strat_ret,cum_strat,cum_market
2024-12-20,DIS_price,2025-01-03,-5.474314e-06,-0.015305471,-0.005947584,0.022705711,0.03297037,0.003063409175371017,-1,-0.003063409175371017,0.9969412782747693,1.0030681062083455
2024-12-23,DIS_price,2025-01-03,0.002738067,-0.018083781,-0.018592473,0.02200055,0.03112072,0.003063409175371017,1,0.003063409175371017,1.0,1.0061456256923966
2024-12-24,DIS_price,2025-01-03,0.002983056,-0.02634716,-0.015688617,0.024794739,0.036487743,0.003063409175371017,1,0.003063409175371017,1.0030681062083455,1.0092325873330832
2024-12-26,DIS_price,2025-01-03,0.0044549312,-0.01588337,-0.0116839055,0.020567121,0.03637593,0.003063409175371017,1,0.003063409175371017,1.0061456256923966,1.0123290200999444
2024-12-27,DIS_price,2025-01-03,-0.0006230818,-0.016805323,-0.009818392,0.01650282,0.031070419,0.003063409175371017,-1,-0.003063409175371017,1.0030681062083455,1.0154349530514015
2024-12-30,DIS_price,2025-01-03,-0.00032457476,-0.013678076,-0.0100687845,0.010344261,0.019501453,0.003063409175371017,-1,-0.003063409175371017,1.0,1.0185504153350295
2024-12-31,DIS_price,2025-01-03,-0.00046488643,-0.010011364,-0.0032377737,0.0064609703,0.01127358,0.003063409175371017,-1,-0.003063409175371017,0.9969412782747693,1.0216754361878317
2025-01-03,DIS_price,2025-01-06,0.0033002482,-0.02264371,-0.013528619,0.013551883,0.016495341,-0.0009900396303791157,1,-0.0009900396303791157,0.9959547553291034,1.0206644375635532
2025-01-06,DIS_price,2025-01-07,0.00063362834,-0.018836629,-0.014309574,0.016385503,0.022586562,0.0030569353645964223,1,0.0030569353645964223,0.9990039829134771,1.0237893166213168
2025-01-07,DIS_price,2025-01-08,0.0066572125,-0.012537389,-0.00775884,0.017159123,0.011031207,-0.014741361945369966,1,-0.014741361945369966,0.9843853178609764,1.0088079618319516
2025-01-08,DIS_price,2025-01-10,0.008737973,-0.018281158,-0.015427032,0.015026332,0.02203007,-0.010164419998096579,1,-0.010164419998096579,0.9744302912946768,0.9986059506091981
2025-01-10,DIS_price,2025-01-13,0.002966934,-0.008156588,-0.0053204596,0.01756192,0.023981176,-0.00526002447378352,1,-0.00526002447378352,0.9693182207093307,0.9933670493229109
2025-01-13,DIS_price,2025-01-14,0.0051999097,-0.012413859,-0.005488792,0.010982987,0.016045555,0.0003699897604639261,1,0.0003699897604639261,0.9696769248799674,0.99373465296014
2025-01-14,DIS_price,2025-01-15,0.0021011354,-0.0109523665,-0.005088331,0.010024345,0.016310891,0.0005548350513778695,1,0.0005548350513778695,0.9702150849076208,0.9942861647622624
2025-01-15,DIS_price,2025-01-16,-0.0021055434,-0.014469459,-0.008995383,0.007573656,0.018981362,-0.016027185717980303,-1,0.016027185717980303,0.9858901805564372,0.9784775777184734
2025-01-16,DIS_price,2025-01-17,-0.005114762,-0.026588045,-0.015737,0.0051349085,0.014582457,0.005246300170045936,-1,-0.005246300170045936,0.9807314486947211,0.9836244540247947
2025-01-17,DIS_price,2025-01-21,-0.0005592457,-0.018621909,-0.009209971,0.014701877,0.0224325,0.015576107647010225,-1,-0.015576107647010225,0.965573824921326,0.9990654374313548
2025-01-21,DIS_price,2025-01-22,-0.007923057,-0.026982134,-0.017032703,0.027075786,0.04574761,0.0010115035711630242,-1,-0.0010115035711630242,0.9645976373410398,1.0000765069531528
2025-01-22,DIS_price,2025-01-23,0.0041289395,-0.016658032,-0.009778266,0.017838884,0.04215685,0.020287224137806367,1,0.020287224137806367,0.9843664954198025,1.0205724834811065
2025-01-23,DIS_price,2025-01-24,0.00034126267,-0.023369001,-0.018438747,0.019792333,0.030119948,0.010036001644806418,1,0.010036001644806418,0.9942953387940938,1.030866519683826
2025-01-24,DIS_price,2025-01-27,0.0022019781,-0.014621302,-0.007797192,0.015294405,0.0310281,0.010465576507675186,1,0.010465576507675186,1.0047558549226976,1.041711784098591
2025-01-27,DIS_price,2025-01-28,-0.0038426314,-0.01690076,-0.010053691,0.0066581913,0.019282725,-0.010643993953660363,-1,0.010643993953660363,1.0155075893562817,1.0306826115189327
2025-01-28,DIS_price,2025-01-29,-0.0043306374,-0.02658138,-0.014813222,0.00865643,0.021297362,0.009319784783308747,-1,-0.009319784783308747,1.006087243163457,1.0403332527346025
2025-01-29,DIS_price,2025-01-30,-0.0030124532,-0.020426378,-0.0130727375,0.012718224,0.019647695,0.0021180706068646645,-1,-0.0021180706068646645,1.003958534519198,1.042539087250534
2025-01-30,DIS_price,2025-01-31,-0.0018910207,-0.015836246,-0.010452051,0.011279743,0.017755326,-0.0032673115211868924,-1,0.0032673115211868924,1.0072441444384859,1.0391383459454302
2025-01-31,DIS_price,2025-02-03,-0.0016018302,-0.01672057,-0.012614173,0.014631384,0.031314038,0.008279796560836071,-1,-0.008279796560836071,0.9989387985702363,1.047777917639302
2025-02-03,DIS_price,2025-02-04,0.0019481652,-0.014542494,-0.011072861,0.011794527,0.018665772,-0.0061592248791120085,1,-0.0061592248791120085,0.9928050189244069,1.0413442513588813
2025-02-04,DIS_price,2025-02-05,-5.5834185e-05,-0.007424151,-0.003661341,0.019369917,0.022997534,-0.02466173926850633,-1,0.02466173926850633,1.0175937274138718,1.0159769771818692
2025-02-05,DIS_price,2025-02-06,-0.0009234287,-0.031080475,-0.018682025,0.017716568,0.029329717,0.01392457841998139,-1,-0.01392457841998139,1.003522360047936,1.030222982901738
2025-02-06,DIS_price,2025-02-07,0.003478582,-0.0160091,-0.010288948,0.018765852,0.033983275,-0.011033898911704173,1,-0.011033898911704173,0.992510459591621,1.018918089869778
2025-02-07,DIS_price,2025-02-10,-0.0049262713,-0.021701377,-0.013281746,0.0016762828,0.019073255,-0.014354710818961615,-1,0.014354710818961615,1.0068604084982946,1.0043962928000887
2025-02-10,DIS_price,2025-02-11,-0.0024737092,-0.019982288,-0.017563866,0.0052881865,0.023021635,-0.0023821176483126176,-1,0.0023821176483126176,1.0092617274233406,1.0020065501192637
2025-02-11,DIS_price,2025-02-12,0.0009297237,-0.019632298,-0.012395195,0.013456673,0.023080187,0.0019244667295487212,1,0.0019244667295487212,1.0112058881754875,1.003936735080413
2025-02-12,DIS_price,2025-02-13,-0.0031697266,-0.016940342,-0.010648452,0.00428588,0.015446796,0.003290322808590404,-1,-0.003290322808590404,1.007884162149708,1.0072454514055507
2025-02-13,DIS_price,2025-02-14,-0.0028468359,-0.01802858,-0.009701895,0.020916957,0.037466682,0.0071828801055360625,-1,-0.0071828801055360625,1.0006705891821872,1.0145064208379146
2025-02-14,DIS_price,2025-02-18,-0.0009874925,-0.010277254,-0.0073498264,0.0065536103,0.020834029,-0.0074566546817964405,-1,0.0074566546817964405,1.0081601329842957,1.0069697309532493
2025-02-18,DIS_price,2025-02-19,0.006393115,-0.009082302,-0.00044783577,0.016923184,0.027380383,0.016206009758022413,1,0.016206009758022413,1.0246314929528937,1.0234216420865687
2025-02-19,DIS_price,2025-02-20,0.0044756616,-0.011484299,-0.0058825184,0.021760255,0.02885063,-0.007210371818914186,1,-0.007210371818914186,1.0172700900303446,1.0160689312643159
2025-02-20,DIS_price,2025-02-21,0.0008966578,-0.015786745,-0.010064654,0.015914148,0.021772834,-0.017244207348474854,1,-0.017244207348474854,0.9998784570970971,0.9986978337941257
2025-02-21,DIS_price,2025-02-24,0.002564555,-0.021111595,-0.012245851,0.016593335,0.021244956,0.02310654961911082,1,0.02310654961911082,1.0232511899779166,1.0220429689275417
2025-02-24,DIS_price,2025-02-25,-0.0007882528,-0.019200768,-0.009841062,0.017733596,0.033176474,-0.00604328855740255,-1,0.00604328855740255,1.029453715133277,1.0158850939969417
2025-02-25,DIS_price,2025-02-26,-0.010950061,-0.033795647,-0.025030194,0.00275581,0.014364181,0.011692827844910741,-1,-0.011692827844910741,1.0174865911753777,1.0278333820159513
2025-02-26,DIS_price,2025-02-27,-0.0020113168,-0.024337394,-0.016363231,0.012689491,0.04410377,-0.004660695762718076,-1,0.004660695762718076,1.0222398547730156,1.023054109346859
2025-02-27,DIS_price,2025-02-28,-0.0022911436,-0.014472081,-0.006792842,0.0076718843,0.015301861,0.02212339254022226,-1,-0.02212339254022226,0.9998727713585085,1.0459397576581186
2025-02-28,DIS_price,2025-03-03,-0.0011125933,-0.026657447,-0.0149649605,0.019290527,0.051491268,-0.008914859834014091,-1,0.008914859834014091,1.0088263476071455,1.0366567909771973
2025-03-03,DIS_price,2025-03-04,-0.00044718012,-0.021122921,-0.015584392,0.009814274,0.020198356,-0.0340880040311324,-1,0.0340880040311324,1.0438080653717068,1.0019147378318556
2025-03-04,DIS_price,2025-03-05,-0.002117496,-0.039192658,-0.027827118,0.00600484,0.016212542,0.0027481556471231493,-1,-0.0027481556471231493,1.0409434563409647,1.0046719423548711
2025-03-05,DIS_price,2025-03-06,-9.467127e-05,-0.020495443,-0.011820579,0.018097196,0.024592184,-0.036140611416395935,-1,0.036140611416395935,1.0792518643468725,0.969010773770178
2025-03-06,DIS_price,2025-03-07,-0.0028048828,-0.042164665,-0.027956193,0.019167226,0.03402993,0.0007585779383116554,-1,-0.0007585779383116554,1.0784334781368035,0.9697461228396744
2025-03-07,DIS_price,2025-03-10,-0.0013866896,-0.028242031,-0.016747065,0.014243536,0.0211444,-0.02330041564913403,-1,0.02330041564913403,1.1038564592533806,0.9474118445354988
2025-03-10,DIS_price,2025-03-11,0.0025434475,-0.03093592,-0.010345727,0.008719249,0.022702279,-0.051558801101489915,1,-0.051558801101489915,1.0483852460134917,0.8998023170342768
2025-03-11,DIS_price,2025-03-12,0.0008413717,-0.033641815,-0.02590051,0.018096589,0.041388385,0.00874611880194447,1,0.00874611880194447,1.057594762983649,0.9077066105561713
2025-03-12,DIS_price,2025-03-13,0.0022042994,-0.024138229,-0.013698829,0.020280633,0.03401678,-0.019322837578277404,1,-0.019322837578277404,1.0373552037493114,0.8903355130859812
2025-03-13,DIS_price,2025-03-14,-0.0017032959,-0.028822653,-0.018383315,0.017753562,0.017912237,0.018107000505861486,-1,-0.018107000505861486,1.0187408462187468,0.906603657849446
2025-03-14,DIS_price,2025-03-17,0.005989437,-0.03498444,-0.015316583,0.023023084,0.02783958,0.007272791629586459,1,0.007272791629586459,1.0261769439357213,0.9132212322947603
2025-03-17,DIS_price,2025-03-18,-0.0061186706,-0.026186716,-0.01750268,0.018268708,0.027871652,-0.00010069708086740938,-1,0.00010069708086740938,1.0262802821612704,0.9131292782123136
2025-03-18,DIS_price,2025-03-19,0.0010276106,-0.017653935,-0.009923717,0.015308236,0.03217391,0.009417096211782498,1,0.009417096211782498,1.0359905116413985,0.9217689208037045
2025-03-19,DIS_price,2025-03-20,-0.0065861233,-0.016916707,-0.014883343,0.019261558,0.029417112,-0.014361375166706233,-1,0.014361375166706233,1.0509761093808982,0.9086256550980037
2025-03-20,DIS_price,2025-03-21,0.0039774207,-0.01925724,-0.011618329,0.013584823,0.021120928,0.0060509242037981815,1,0.0060509242037981815,1.0573547650776747,0.9141403477341117
2025-03-21,DIS_price,2025-03-24,0.0006166971,-0.016278977,-0.008833475,0.010195898,0.022091174,0.007212969353849248,1,0.007212969353849248,1.0650090043052978,0.9207578512819066
2025-03-24,DIS_price,2025-03-25,0.0028241565,-0.023164682,-0.01491339,0.022484213,0.02502694,0.014173403906282286,1,0.014173403906282286,1.0802112866388822,0.9339010460900882
2025-03-25,DIS_price,2025-03-26,0.0005292557,-0.019496128,-0.011416697,0.018456403,0.030401442,-0.008202047559498922,1,-0.008202047559498922,1.0713875779973472,0.9262724730204952
2025-03-26,DIS_price,2025-03-27,-0.0017891447,-0.025081472,-0.009993571,0.010916965,0.03125952,-0.003279859430330983,-1,0.003279859430330983,1.074907347668135,0.9232394062501397
2025-03-27,DIS_price,2025-03-28,0.00014683255,-0.026509147,-0.014004274,0.017355897,0.03735762,-0.02397856831805951,1,-0.02397856831805951,1.0494391738477558,0.9013647565631588
2025-03-28,DIS_price,2025-03-31,6.4484775e-05,-0.030769926,-0.017343197,0.011223704,0.024792772,0.006403426491989612,1,0.006403426491989612,1.056180741987466,0.9071550987540491
2025-03-31,DIS_price,2025-04-01,-0.0042693065,-0.01654528,-0.016611412,0.008918505,0.03071164,-0.010388031810471869,-1,0.010388031810471869,1.067209565841727,0.8977803197857194
2025-04-01,DIS_price,2025-04-02,0.0007054638,-0.016656922,-0.012074006,0.011468714,0.020184126,0.0020452776505426188,1,0.0020452776505426188,1.069394539392299,0.8996184088693836
2025-04-02,DIS_price,2025-04-03,0.00202951,-0.017581422,-0.008040442,0.0190842,0.03993547,-0.09690521783245767,1,-0.09690521783245767,0.9706274309636329,0.8165314791533236
2025-04-03,DIS_price,2025-04-04,0.024300419,-0.07492483,-0.051234305,0.03259392,0.07928215,-0.06163111345046908,1,-0.06163111345046908,0.9126127002774856,0.7677271157604488
2025-04-04,DIS_price,2025-04-07,-0.02782391,-0.09081341,-0.06541321,0.0106193125,0.04138583,-0.0027573170778124644,-1,0.0027573170778124644,0.9151325352569176,0.7656131644294446
2025-04-07,DIS_price,2025-04-08,-0.0069468645,-0.031492885,-0.024649423,0.01745356,0.03903771,-0.019149729613397618,-1,0.019149729613397618,0.9328259471990443,0.7510913673597552
2025-04-08,DIS_price,2025-04-09,-0.012026118,-0.058577858,-0.027731024,0.009637443,0.02846391,0.11238421497603786,-1,-0.11238421497603786,0.8336673123328613,0.8404281969863813
2025-04-09,DIS_price,2025-04-10,-0.035873994,-0.12012094,-0.07876828,0.04195279,0.10105407,-0.07032954394943389,-1,0.07032954394943389,0.8944097116692418,0.7833518655368638
2025-04-10,DIS_price,2025-04-11,-0.012168817,-0.106456704,-0.0752996,0.011726268,0.05944909,-0.003997181534756887,-1,0.003997181534756887,0.8979919843807671,0.7802269155815809
2025-04-11,DIS_price,2025-04-14,-0.006487808,-0.042828947,-0.026777782,0.020507127,0.042734835,-0.002713082883989092,-1,0.002713082883989092,0.900431619032583,0.7781129642505766
2025-04-14,DIS_price,2025-04-15,-0.005506926,-0.04361512,-0.02341058,0.011814136,0.046398535,0.004125715330702552,-1,-0.004125715330702552,0.896724347330157,0.7813298682883063
2025-04-15,DIS_price,2025-04-16,-0.0058892276,-0.045861106,-0.026440654,0.013493998,0.034045953,-0.02670332956881014,-1,0.02670332956881014,0.9209924506398323,0.7607418667803865
2025-04-16,DIS_price,2025-04-17,-0.0026285276,-0.041352287,-0.028961498,0.02324347,0.041213937,0.024347771674431227,-1,-0.024347771674431227,0.8988391232062509,0.7794915665120844
2025-04-17,DIS_price,2025-04-21,0.008143142,-0.030932255,-0.014914561,0.04415618,0.053017605,-0.00959656778318396,1,-0.00959656778318396,0.8902546094501284,0.7720469016073849
2025-04-21,DIS_price,2025-04-22,-0.008860538,-0.038301453,-0.02628657,0.01933433,0.021632392,0.02457645583180125,-1,-0.02457645583180125,0.8686419751667601,0.7912561590587585
2025-04-22,DIS_price,2025-04-23,-0.017974973,-0.06410218,-0.040867038,0.02025894,0.05087524,0.013842650684647984,-1,-0.013842650684647984,0.8567005091892816,0.8022854025359358
2025-04-23,DIS_price,2025-04-24,-0.0054913545,-0.02575766,-0.02559521,0.013237315,0.016498484,0.030684935020083015,-1,-0.030684935020083015,0.8308119356152772,0.8272850730757189
2025-04-24,DIS_price,2025-04-25,-0.0137571,-0.04824713,-0.035196513,0.029864099,0.037946116,0.002995147129936737,-1,-0.002995147129936737,0.8283272544810725,0.8297666280439521
2025-04-25,DIS_price,2025-04-28,-0.0022624608,-0.034346838,-0.023243627,0.02240669,0.030920628,-0.0013300310810665857,-1,0.0013300310810665857,0.8294296884480318,0.8286637462347458
2025-04-28,DIS_price,2025-04-29,-0.009151189,-0.036185518,-0.02219088,0.012168367,0.03860823,0.011139881694656864,-1,-0.011139881694656864,0.8202412141247599,0.8379465711206289
2025-04-29,DIS_price,2025-04-30,-0.0068647573,-0.037514552,-0.024328146,0.011099672,0.04512396,-0.002415954463534016,-1,0.002415954463534016,0.8222252752828514,0.8359245738720713
2025-04-30,DIS_price,2025-05-01,-0.0016445054,-0.029552024,-0.02039117,0.013624174,0.03507184,-0.0015404624322335918,-1,0.0015404624322335918,0.8234928585117623,0.8346378547954909
2025-05-01,DIS_price,2025-05-02,0.0038692066,-0.020360008,-0.019167162,0.021338034,0.043799113,0.018331088667000825,1,0.018331088667000825,0.8387275870913997,0.8500787673045318
2025-05-02,DIS_price,2025-05-05,-0.007920615,-0.042438876,-0.030338466,0.009358734,0.02251337,-0.0041169689533935615,-1,0.0041169689533935615,0.8421877202709738,0.8465862137120198
2025-05-05,DIS_price,2025-05-06,-0.00086225546,-0.03292334,-0.025330871,0.015126757,0.05040066,0.0006511580008987977,-1,-0.0006511580008987977,0.8416395015065486,0.8471376546166229
2025-05-06,DIS_price,2025-05-07,-0.002348595,-0.021023616,-0.010454448,0.03437017,0.06376129,0.10222007678161273,-1,-0.10222007678161273,0.7598580961852311,0.9383127151219517
2025-05-07,DIS_price,2025-05-08,-0.014346302,-0.0793563,-0.060284793,0.024553575,0.06662318,0.029247845264777667,-1,-0.029247845264777667,0.7379557437886912,0.9661616151647162
2025-05-08,DIS_price,2025-05-09,-0.01832399,-0.07843928,-0.060985923,0.030232796,0.06578433,0.007770310736717961,-1,-0.007770310736717961,0.7322438188049142,0.9736982341518625
2025-05-09,DIS_price,2025-05-12,-0.0103778,-0.04588074,-0.03737009,0.012908507,0.04666145,0.04205210001628442,-1,-0.04205210001628442,0.7020898900154263,1.015517419462194
2025-05-12,DIS_price,2025-05-13,0.0075047873,-0.02727582,-0.015825275,0.033110186,0.06422481,0.008022752323295572,1,0.008022752323295572,0.7077452387090108,1.0236974334363902
2025-05-13,DIS_price,2025-05-14,-0.0076343,-0.031134088,-0.023097016,0.018541873,0.04008451,0.01390894219841621,-1,-0.01390894219841621,0.6979693945197994,1.0380354641362246
2025-05-14,DIS_price,2025-05-15,-0.010576735,-0.025075503,-0.025484722,0.025917927,0.047550727,-0.006395502454126003,-1,0.006395502454126003,0.7024475643042791,1.0314178896909105
2025-05-15,DIS_price,2025-05-16,-0.0021751714,-0.033282366,-0.012784443,0.008934917,0.024768922,0.010636514275134028,-1,-0.010636514275134028,0.6950155661048915,1.042447133168088
2025-05-16,DIS_price,2025-05-19,-0.003824124,-0.022507733,-0.014950879,0.011969455,0.027762087,-0.006723301259392109,-1,0.006723301259392109,0.6997041087167551,1.0354619550855446
2025-05-19,DIS_price,2025-05-20,0.00101633,-0.022245567,-0.013951616,0.033867978,0.048970595,-0.0026663973857968754,1,-0.0026663973857968754,0.6978409046355849,1.03270467966501
2025-05-20,DIS_price,2025-05-21,0.00010734098,-0.032284196,-0.016670572,0.037371416,0.044511173,-0.017054621754201794,1,-0.017054621754201794,0.6860404045186076,1.015241628112373
2025-05-21,DIS_price,2025-05-22,0.005196737,-0.02885032,-0.01831852,0.031850282,0.024087053,0.006047246094393547,1,0.006047246094393547,0.6902016289685391,1.0213996448380116
2025-05-22,DIS_price,2025-05-23,-0.0009631119,-0.021161072,-0.018494066,0.031522214,0.04855191,-0.012768949969972921,-1,0.012768949969972921,0.6990712866322605,1.0084403581947232
2025-05-23,DIS_price,2025-05-27,0.00058591925,-0.028396556,-0.01868167,0.013722839,0.029804233,0.02377632562978118,1,0.02377632562978118,0.7158918058544956,1.03270467966501
2025-05-27,DIS_price,2025-05-28,-0.0019150116,-0.05045339,-0.03213827,0.04610242,0.058647797,-0.0075041116624965055,-1,0.0075041116624965055,0.7212841449569798,1.0249841525129704
2025-05-28,DIS_price,2025-05-29,-0.0031879093,-0.024743248,-0.012976641,0.023197882,0.04970557,0.0044734691983262746,-1,-0.0044734691983262746,0.7180647089441181,1.0295796588122077
2025-05-29,DIS_price,2025-05-30,0.011440886,-0.031588186,-0.013319894,0.03422603,0.050260443,0.009064374936142957,1,0.009064374936142957,0.7246031051640749,1.038954579575576
2025-05-30,DIS_price,2025-06-02,0.003989956,-0.024888067,-0.010879381,0.039293505,0.054960012,-0.0007965331433963543,1,-0.0007965331433963543,0.7240261645816557,1.038127347321152
2025-06-02,DIS_price,2025-06-03,-0.0049933884,-0.028247146,-0.023903254,0.021223214,0.04972489,0.005738270106216618,-1,-0.005738270106216618,0.7198834043914357,1.0441015267794163
2025-06-03,DIS_price,2025-06-04,-0.0009293156,-0.022327365,-0.010796597,0.035938535,0.074984826,-0.0009688323916690543,-1,0.0009688323916690543,0.7205811887152824,1.0430904572576183
2025-06-04,DIS_price,2025-06-05,-0.0028335636,-0.027322866,-0.020017283,0.02077141,0.049158074,-0.008494821712759856,-1,0.008494821712759856,0.7267284705077774,1.0342671191938917
2025-06-05,DIS_price,2025-06-06,0.0064676655,-0.012972628,-0.0041020424,0.022064827,0.046279468,0.012101052609468333,1,0.012101052609468333,0.7355760746571679,1.0468588730974704
2025-06-06,DIS_price,2025-06-09,-0.0031945175,-0.023335507,-0.017038412,0.018058304,0.03495098,0.015334020079671218,-1,-0.015334020079671218,0.7243827748249901,1.0630351346760076
2025-06-09,DIS_price,2025-06-10,-0.00042027887,-0.026544653,-0.0127435485,0.029548198,0.05839222,0.02619711336881993,-1,-0.02619711336881993,0.7056524485792878,1.091251567458482
2025-06-10,DIS_price,2025-06-11,0.0033732168,-0.03207647,-0.018438961,0.025700187,0.05386908,0.0066316964154425435,1,0.0066316964154425435,0.7103476728362681,1.0985124659933267
2025-06-11,DIS_price,2025-06-12,4.8764516e-05,-0.028210388,-0.016334098,0.014140725,0.041372307,-0.007642930218125497,1,-0.007642930218125497,0.7049392296466628,1.0901486147517565
2025-06-12,DIS_price,2025-06-13,-0.009929116,-0.028390273,-0.021698147,0.00061349943,0.03240913,-0.005664801183830856,-1,0.005664801183830856,0.7089439023575033,1.083990598026118
2025-06-13,DIS_price,2025-06-16,-0.005072559,-0.026248047,-0.025525734,0.009491043,0.0381437,0.01297303774180614,-1,-0.01297303774180614,0.6998061467361129,1.0981448623560977
2025-06-16,DIS_price,2025-06-17,0.0039050141,-0.016533177,-0.0054576015,0.022271026,0.028828245,-0.011363363536021137,1,-0.011363363536021137,0.6918990060278324,1.085736874822374
2025-06-17,DIS_price,2025-06-18,-0.008651197,-0.0222996,-0.01759316,0.0076414356,0.018269174,-0.0022882111398006533,-1,0.0022882111398006533,0.6934840297839634,1.0832553198541408
2025-06-18,DIS_price,2025-06-20,-0.0015773424,-0.028388787,-0.017397515,0.017471973,0.033248864,-0.001953321262884085,-1,0.001953321262884085,0.6948399507282943,1.0811414394206558
2025-06-20,DIS_price,2025-06-23,-0.0043082736,-0.010365188,-0.0075490046,0.010213917,0.026285097,0.001019588762031402,-1,-0.001019588762031402,0.6941318607647479,1.082244321229862
2025-06-23,DIS_price,2025-06-24,0.0008804826,-0.01519384,-0.008223166,0.012764265,0.033192553,0.01186960183656796,1,0.01186960183656796,0.7024200208462491,1.0951666702656295
2025-06-24,DIS_price,2025-06-25,0.004171992,-0.017358933,-0.0070460867,0.036250614,0.041878402,0.006468696701335844,1,0.006468696701335844,0.706978490702122,1.1022739338762937
2025-06-25,DIS_price,2025-06-26,-0.0021034414,-0.025620466,-0.022613425,0.028365199,0.039413095,0.016938303989454184,-1,-0.016938303989454184,0.6951043221472066,1.1211036060096877
2025-06-26,DIS_price,2025-06-27,0.010687096,-0.021314045,-0.012951424,0.039041884,0.048643574,0.007219050525565867,1,0.007219050525565867,0.7001404716065988,1.1292261929933038
2025-06-27,DIS_price,2025-06-30,0.007792524,-0.0061587826,0.0015245555,0.031349648,0.045239583,0.013558203072984,1,0.013558203072984,0.7096977617352652,1.1446407316251896
2025-06-30,DIS_price,2025-07-01,0.0034618415,-0.019873476,-0.00879772,0.033235513,0.0538518,-0.004202063962445279,1,-0.004202063962445279,0.7067218232672737,1.1398409695730385
2025-07-01,DIS_price,2025-07-02,0.00090446323,-0.025752686,-0.010534961,0.02173539,0.03701266,-0.004138410506089079,1,-0.004138410506089079,0.7038031617243012,1.1351335869884498
2025-07-02,DIS_price,2025-07-03,0.0017927238,-0.012413239,-0.011405054,0.024794202,0.021688936,0.008259765130658693,1,0.008259765130658693,0.7096404848102462,1.1445483521576276
2025-07-03,DIS_price,2025-07-07,0.000647421,-0.021577548,-0.016236976,0.024888605,0.03608029,-0.0067972079254683,1,-0.0067972079254683,0.7048332672200017,1.1367949994541826
2025-07-07,DIS_price,2025-07-08,-0.0041934326,-0.011906551,-0.00890846,0.00918447,0.0183842,-0.010939769466948395,-1,0.010939769466948395,0.7125863116125766,1.1244265018386723
2025-07-08,DIS_price,2025-07-09,-0.0073110294,-0.031316366,-0.013653696,0.014598755,0.038291156,-0.00998232781396777,-1,0.00998232781396777,0.7197352036993707,1.1132579447361997
2025-07-09,DIS_price,2025-07-10,-0.01244626,-0.037759233,-0.022578767,0.013697376,0.040599573,0.007845731314498675,-1,-0.007845731314498675,0.7141104486846913,1.1220266208125969
2025-07-10,DIS_price,2025-07-11,-0.000565568,-0.018440226,-0.01626071,0.002393555,0.024750557,-0.01400014410587022,-1,0.01400014410587022,0.7241784098813732,1.1064275359381448
2025-07-11,DIS_price,2025-07-14,-0.009081725,-0.02565141,-0.018525383,0.004146237,0.02140494,0.0008338820064655336,-1,-0.0008338820064655336,0.7235747822479915,1.107350550741054
2025-07-14,DIS_price,2025-07-15,-0.002188992,-0.023116836,-0.015985724,0.010871771,0.02751121,-0.008286285044357525,-1,0.008286285044357525,0.7295954391347496,1.0982126403844854
2025-07-15,DIS_price,2025-07-16,2.8490089e-05,-0.020886214,-0.0027301237,0.011753061,0.019765083,0.007035169077609263,1,0.007035169077609263,0.7347463639760956,1.1059659930879306
2025-07-16,DIS_price,2025-07-17,0.0021487805,-0.021312509,-0.005328733,0.0072577237,0.03192244,0.019750271313132443,1,0.019750271313132443,0.7494020545472249,1.1280262524802664
2025-07-17,DIS_price,2025-07-18,-0.008730628,-0.030672777,-0.020753507,-0.0022469778,0.025154395,-0.006485266799384454,-1,0.006485266799384454,0.7542779203669664,1.1207343717295164
2025-07-18,DIS_price,2025-07-21,-0.0035550005,-0.031835645,-0.028170042,0.0007560495,0.018931659,-0.004788262072866135,-1,0.004788262072866135,0.7578982613791422,1.1153808291546277
2025-07-21,DIS_price,2025-07-22,-0.0035330122,-0.023877379,-0.010435402,0.0038244496,0.017551236,0.0018189307632190223,-1,-0.0018189307632190223,0.7565209499129648,1.1174114759005318
2025-07-22,DIS_price,2025-07-23,-0.006892181,-0.02144117,-0.012482168,0.026615923,0.046238154,0.015410182446955866,-1,-0.015410182446955866,0.7449521913288695,1.1347643527082787
2025-07-23,DIS_price,2025-07-24,0.008408606,-0.010205147,-0.002659873,0.02089088,0.023325924,-0.008085355277534033,1,-0.008085355277534033,0.7389532725724703,1.125626371454191
2025-07-24,DIS_price,2025-07-25,-0.0038958169,-0.02123818,-0.015694387,0.01050535,0.018424965,-0.003943758831595925,-1,0.003943758831595925,0.741873280185592,1.1211959145797306
2025-07-25,DIS_price,2025-07-28,-0.004058991,-0.026117768,-0.02068216,0.021599967,0.030406184,-0.009096969982808178,-1,0.009096969982808178,0.748652869252005,1.11104268085021
2025-07-28,DIS_price,2025-07-29,0.0012669433,-0.017602928,-0.004969516,0.013435491,0.01476821,-0.0038288757259114276,1,-0.0038288757259114276,0.7457918511903744,1.1067967702183161
2025-07-29,DIS_price,2025-07-30,0.0025927052,-0.020397328,-0.0059906514,0.017986163,0.012643931,-0.0030904357910856535,1,-0.0030904357910856535,0.7434905871467128,1.1033815658192887
2025-07-30,DIS_price,2025-07-31,0.0051351646,-0.017974235,-0.0069582793,0.019310955,0.025964413,-0.0036035952090663105,1,-0.0036035952090663105,0.7408161696820086,1.0994125808975233
2025-07-31,DIS_price,2025-08-01,-0.004607022,-0.018552333,-0.016187135,0.010065044,0.010173664,-0.021383950065229133,-1,0.021383950065229133,0.7568283372005622,1.0761523809921498
2025-08-01,DIS_price,2025-08-04,-0.004644731,-0.03284756,-0.021789333,0.0010615401,0.0010927226,0.023396810694141033,-1,-0.023396810694141033,0.7393265097226954,1.1016277738859939
2025-08-04,DIS_price,2025-08-05,0.007087229,-0.01630163,-0.009190148,0.021447878,0.035604186,-0.008667477944770786,1,-0.008667477944770786,0.7329461044606711,1.0921207001467732
2025-08-05,DIS_price,2025-08-06,-0.00088980887,-0.027519494,-0.02447548,0.012974549,0.019506956,-0.026983580785867593,-1,0.026983580785867593,0.7529928652312238,1.0630454148162969
2025-08-06,DIS_price,2025-08-07,-0.0045678653,-0.020474354,-0.019315058,0.015572343,0.037197515,-0.020083942586295093,-1,0.020083942586295093,0.7682688179043529,1.0419082411243894
2025-08-07,DIS_price,2025-08-08,-0.004661288,-0.018903984,-0.010911898,0.010069767,0.01573362,-0.003994500862943011,-1,0.003994500862943011,0.7713438057926133,1.0377546390625385
2025-08-08,DIS_price,2025-08-11,0.00644825,-0.0062556253,-0.00034994795,0.025596656,0.017584331,0.0010667658947244312,1,0.0010667658947244312,0.7721670881044119,1.0388622710055333
2025-08-11,DIS_price,2025-08-12,-0.012234138,-0.03218149,-0.023534503,-0.00016112602,0.021871598,0.010341744028869334,-1,-0.010341744028869334,0.7642226840338787,1.0496616647253536
2025-08-12,DIS_price,2025-08-13,-0.0014452189,-0.026820075,-0.01596037,0.005245215,0.02831686,0.02535297205022155,-1,-0.02535297205022155,0.7450909160462726,1.0766139238423642
2025-08-13,DIS_price,2025-08-14,0.0061043166,-0.016129883,-0.008048708,0.027302692,0.03359717,-0.0028332888359575057,1,-0.0028332888359575057,0.7429828460678484,1.0735678828259887
2025-08-14,DIS_price,2025-08-15,-0.008352135,-0.026481492,-0.019423315,0.015871083,0.026133547,-0.00794128890320729,-1,0.00794128890320729,0.7489065773983563,1.0650761324597202
2025-08-15,DIS_price,2025-08-18,-0.0015748357,-0.033032164,-0.017863417,0.017861027,0.03904938,0.010002688334450506,-1,-0.010002688334450506,0.7414528391710109,1.0757832176094975
2025-08-18,DIS_price,2025-08-19,-0.0035246974,-0.021492608,-0.010025759,0.014308263,0.030111909,-0.0024053905252132248,-1,0.0024053905252132248,0.7432384695134419,1.0731986485458171
2025-08-19,DIS_price,2025-08-20,0.0029949066,-0.016056277,-0.00401638,0.014899582,0.03730765,0.006600738358553644,1,0.006600738358553644,0.7481606192285389,1.0803059830540007
2025-08-20,DIS_price,2025-08-21,-0.0019758698,-0.018655028,-0.011206103,0.0030879132,0.014466781,-0.0071168808738451906,-1,0.0071168808738451906,0.7535041814236195,1.0726448680230793
2025-08-21,DIS_price,2025-08-22,-0.014072519,-0.038147222,-0.026124705,0.018466497,0.011530034,0.022547462216936116,-1,-0.022547462216936116,0.73670467915021,1.0971050084414906
2025-08-22,DIS_price,2025-08-25,-0.0015890766,-0.042394824,-0.017137757,0.02207382,0.030727541,-0.009722369784194518,-1,0.009722369784194518,0.7439021258875127,1.0864902318617558
2025-08-25,DIS_price,2025-08-26,0.0016198447,-0.039593574,-0.019220058,0.021656364,0.03742489,-0.0005098266735676165,1,-0.0005098266735676165,0.7435229614035082,1.085936451339018
2025-08-26,DIS_price,2025-08-27,-0.00560834,-0.028004497,-0.020680165,0.0127217695,0.022099068,0.0037328586954488304,-1,-0.0037328586954488304,0.7407526690235914,1.0899976739333068
2025-08-27,DIS_price,2025-08-28,0.0029792537,-0.031183826,-0.019596955,0.028343452,0.045646254,-0.0038178659658415614,1,-0.0038178659658415614,0.737929966398228,1.0858441427689751
2025-08-28,DIS_price,2025-08-29,-0.0020166722,-0.017224405,-0.009772198,0.021234347,0.034875512,0.006270646675542821,-1,-0.006270646675542821,0.733317146105818,1.0926744806695108
2025-08-29,DIS_price,2025-09-02,-0.004364271,-0.042571917,-0.022057999,0.012738073,0.043045692,-0.0009296413592022989,-1,0.0009296413592022989,0.7339991850309269,1.0916591572965588
2025-09-02,DIS_price,2025-09-03,0.004525799,-0.016074713,-0.011415866,0.025056668,0.033679616,-0.007553603696669982,1,-0.007553603696669982,0.7284757333187346,1.0834442617428994
2025-09-03,DIS_price,2025-09-04,-0.0020787497,-0.01558966,-0.01326335,0.008782016,0.014421912,0.012109022003119054,-1,-0.012109022003119054,0.7197077973355612,1.0966434655912762
2025-09-04,DIS_price,2025-09-05,0.0028389199,-0.013381713,-0.009063742,0.03153169,0.035016082,-0.007603890214326056,1,-0.007603890214326056,0.7142559720669306,1.0883363323650934
2025-09-05,DIS_price,2025-09-08,-0.002290242,-0.013230037,-0.012973273,0.008101932,0.025729015,0.007856379523656754,-1,-0.007856379523656754,0.7086664913639957,1.096920391301405
2025-09-08,DIS_price,2025-09-09,0.004641858,-0.015336989,-0.012075474,0.025794707,0.029791135,-0.012446648686168727,1,-0.012446648686168727,0.6999006344473024,1.0833520240703762
2025-09-09,DIS_price,2025-09-10,0.0011518179,-0.02254159,-0.010305709,0.026326202,0.04948594,-0.013553197941891549,1,-0.013553197941891549,0.6904787352659116,1.0687681916713567
2025-09-10,DIS_price,2025-09-11,0.006622822,-0.0062507475,-0.008352971,0.01733296,0.01971963,0.011079284443748004,1,0.011079284443748004,0.6981712808380086,1.0806752173341723
2025-09-11,DIS_price,2025-09-12,-0.0034195818,-0.01974649,-0.016405717,0.012335145,0.030679174,-0.009612152474772874,-1,0.009612152474772874,0.7049145664682074,1.070337366464566
2025-09-12,DIS_price,2025-09-15,-0.0056850747,-0.02510671,-0.013090872,0.007753454,0.016601877,-0.002936353143892255,-1,0.002936353143892255,0.7069874864948281,1.067199087775667
2025-09-15,DIS_price,2025-09-16,-0.0043236557,-0.026471801,-0.016440501,0.0077669704,0.006520327,-0.00337878423799144,-1,0.00337878423799144,0.7093802847688156,1.063599337134073
2025-09-16,DIS_price,2025-09-17,-0.0041694073,-0.020249788,-0.008783221,-0.0031672695,0.023349334,0.00752167174580026,-1,-0.00752167174580026,0.7040645756947894,1.0716295446501274
2025-09-17,DIS_price,2025-09-18,0.00927968,-0.01769442,-0.009160856,0.022114877,0.04853014,-0.01073789261106285,1,-0.01073789261106285,0.6965448511404361,1.0601840618375262
2025-09-18,DIS_price,2025-09-19,-0.0012367731,-0.0238872,-0.0152927,0.016055401,0.037822604,-0.009623012451386975,-1,0.009623012451386975,0.7032800654669201,1.0500308281080057
2025-09-19,DIS_price,2025-09-22,0.008359925,-0.02479624,-0.014584747,0.015770514,0.034246612,-0.010604596438221033,1,-0.010604596438221033,0.6958614693216403,1.0389545086780567
2025-09-22,DIS_price,2025-09-23,0.0024191923,-0.024003934,-0.015953023,0.018592231,0.025520306,-0.002757800551822118,1,-0.002757800551822118,0.6939450659213253,1.0360932265968055
2025-09-23,DIS_price,2025-09-24,0.009311687,-0.014358339,-0.008077069,0.010526386,0.027945025,0.010457342649043041,1,0.010457342649043041,0.7012399633982415,1.0469848579891494
2025-09-24,DIS_price,2025-09-25,0.0007882612,-0.024530815,-0.014326636,0.021857997,0.046004057,-0.0038865804457593953,1,-0.0038865804457593953,0.69851982730667,1.0429235644973411
2025-09-25,DIS_price,2025-09-26,0.004923205,-0.028224899,-0.016033305,0.02108814,0.054440428,0.004239182668003645,1,0.004239182668003645,0.7014872657647819,1.0473540922693207
2025-09-26,DIS_price,2025-09-29,-0.0035400488,-0.032008458,-0.017753016,0.016721174,0.021874463,0.01147874128528644,-1,-0.01147874128528644,0.6934811131120058,1.0594456641747025
2025-09-29,DIS_price,2025-09-30,0.0075322594,-0.018045854,0.00019848812,0.034428746,0.062343754,-0.0024423948644317984,1,-0.0024423948644317984,0.6917894251287329,1.0568612369060606
2025-09-30,DIS_price,2025-10-01,0.000340665,-0.019648002,-0.008410898,0.029831769,0.041773774,-0.013629629494300353,1,-0.013629629494300353,0.6824245563947329,1.0425543302171698
2025-10-01,DIS_price,2025-10-02,0.008332512,-0.021602925,-0.008577986,0.03374776,0.045252834,-0.007197164443864509,1,-0.007197164443864509,0.6775306668307454,1.035077832326334
2025-10-02,DIS_price,2025-10-03,0.0044028726,-0.009187222,-0.002809036,0.023402862,0.045442395,0.002938491898650182,1,0.002938491898650182,0.6795245132223547,1.0381238733427096
2025-10-03,DIS_price,2025-10-06,0.0017753235,-0.017031169,-0.0061423266,0.0061466596,0.022554686,0.002486423514604163,1,0.002486423514604163,0.6812162012056275,1.0407083006113513
2025-10-06,DIS_price,2025-10-07,0.005497595,-0.019361574,-0.0053680334,0.027792383,0.02843007,-0.0019531221580635903,1,-0.0019531221580635903,0.6798870012161369,1.0386776538654472
2025-10-07,DIS_price,2025-10-08,0.0045981216,-0.021186162,-0.012480409,0.01068419,0.01773806,-0.005703584309757535,1,-0.005703584309757535,0.6760202460480503,1.0327703307678207
2025-10-08,DIS_price,2025-10-09,0.00066299224,-0.030825697,-0.01858339,-0.003937018,0.005578328,-0.008076205868716296,1,-0.008076205868716296,0.6705825548823294,1.0244630557465992
2025-10-09,DIS_price,2025-10-10,-0.0051718354,-0.021734606,-0.015515758,0.008596461,-0.0047464846,-0.016350549851683285,-1,0.016350549851683285,0.6816370758480219,1.0078487183967144
2025-10-10,DIS_price,2025-10-13,-0.0026546195,-0.020488461,-0.009270455,0.005877685,0.007343337,0.009842389417050085,-1,-0.009842389417050085,0.6749610462416241,1.017817334986149
2025-10-13,DIS_price,2025-10-14,0.00028758403,-0.02538022,-0.009135217,0.017391574,0.020446246,0.008128655682929836,1,0.008128655682929836,0.6804699317694513,1.0261245391098512
2025-10-14,DIS_price,2025-10-15,-0.010557657,-0.022561962,-0.018049391,0.003652914,0.030304803,0.004845651524185155,-1,-0.004845651524185155,0.6771805875515624,1.0311088474045684
2025-10-15,DIS_price,2025-10-16,-0.008882761,-0.031239832,-0.022010446,0.004887205,0.020215474,-0.0165173815866851,-1,0.0165173815866851,0.6884587239495581,1.0142175134470357
2025-10-16,DIS_price,2025-10-17,0.0125389155,-0.018238913,-0.0030682506,0.015503015,0.040301215,0.007163939239112962,1,0.007163939239112962,0.6934085092276604,1.0215093941977857
2025-10-17,DIS_price,2025-10-20,-0.0007645227,-0.026949774,-0.014385349,0.010448807,0.02573352,0.011588894200431297,-1,-0.011588894200431297,0.685419055261657,1.033416419860601
2025-10-20,DIS_price,2025-10-21,0.007989775,-0.011958007,-0.009588046,0.016831033,0.051059064,0.02068495541945385,1,0.02068495541945385,0.6997445683821791,1.055015207300242
2025-10-21,DIS_price,2025-10-22,0.010653667,-0.019416114,-0.0075004958,0.037426576,0.05217188,-0.010731092434619883,1,-0.010731092434619883,0.692275691018845,1.0437542707302072
2025-10-22,DIS_price,2025-10-23,-0.001281674,-0.029575743,-0.020965481,0.008205273,0.04566486,-0.0004422927303943346,-1,0.0004422927303943346,0.6925819472468704,1.043292727879993
